0.7166877598987524
0.6848671126378594
0.6911950822636052
0.6848671126378594
0.6848671126378594
0.6848671126378594
0.6911950822636052
0.6911950822636052
0.6911950822636052
0.6911950822636052
0.6194178267944314
0.6029651057674923
0.6273729886096546
0.6414753209184596
0.6743807629723377
0.6765503525583078
0.6881214970168144
0.6772735490869644
0.7089133972156934
0.6841439161092027
0.6895678900741277
0.6904718857349484
0.7204845416742
0.7024046284577834
0.6789007412764418
0.6852287109021876
0.7089133972156934
0.6958958596998734
0.6848671126378594
0.6783583438799494
0.6322545651780871
0.6111010667148797
0.6577472428132345
0.6429217139757729
0.6857711082986802
0.6568432471524137
0.6937262701139034
0.661544024588682
0.6772735490869644
0.7042126197794251
0.6669679985536069
0.7159645633700958
0.6725727716506961
0.6944494666425601
0.6796239378050986
0.7067438076297233
0.6794431386729344
0.7056590128367384
0.6783583438799494
0.6767311516904719
0.6917374796600976
0.7067438076297233
0.7159645633700958
0.6783583438799494
0.7183149520882299
0.7183149520882299
0.7183149520882299
0.7183149520882299
0.7183149520882299
0.7183149520882299
0.7183149520882299
0.7183149520882299
0.7183149520882299
0.7183149520882299
0.7183149520882299
0.7183149520882299
0.7183149520882299
