0.7166877598987524
0.6848671126378594
0.6911950822636052
0.6848671126378594
0.6848671126378594
0.6848671126378594
0.6911950822636052
0.6911950822636052
0.6911950822636052
0.6911950822636052
0.6194178267944314
0.6029651057674923
0.6273729886096546
0.6414753209184596
0.6743807629723377
0.6765503525583078
0.6881214970168144
0.6772735490869644
0.7089133972156934
0.6841439161092027
0.6895678900741277
0.6904718857349484
0.7204845416742
0.7024046284577834
0.6789007412764418
0.6852287109021876
0.7089133972156934
0.6958958596998734
0.6848671126378594
0.6848671126378594
0.685590309166516
0.6861327065630085
0.7083709998192008
0.6783583438799494
0.7036702223829325
