0.6379310344827587
0.6371647509578544
0.6383141762452107
0.6383141762452107
0.6371647509578544
0.6371647509578544
0.6402298850574712
0.6383141762452107
0.6375478927203065
0.6386973180076628
0.6824907521578298
0.6824907521578298
0.6824907521578298
0.6824907521578298
0.6824907521578298
0.6824907521578298
0.8618988902589396
0.6787916152897657
0.6775585696670777
0.6787916152897657
0.6769420468557337
0.6775585696670777
0.5265104808877928
0.5277435265104808
0.6627620221948212
0.6683107274969173
0.6631748589846898
0.6631748589846898
0.6631748589846898
0.8106365834004835
0.8049959709911362
0.8049959709911362
