0.6339221489527436
0.6333391795038353
0.6342732492834071
0.63448721970706
0.6333842155066778
0.6331312212662847
0.6364983108682615
0.6344566833573931
0.6336571934772828
0.6348174261873027
0.6847453277410114
0.6847453277410114
0.6847453277410114
0.6847453277410114
0.6847453277410114
0.6847453277410114
0.8608342974468842
0.6788713986571148
0.6778219226657614
0.6768230041527212
0.6748540036927606
0.6778219226657614
0.5240944123274313
0.5262720942630734
0.6582469334830575
0.6650008538923755
0.6599589345727328
0.6599589345727328
0.6599589345727328
0.8126640444408602
0.8072111141976709
0.8072111141976709
