0.7166877598987524
0.6848671126378594
0.6911950822636052
0.6848671126378594
0.6848671126378594
0.6848671126378594
0.6911950822636052
0.6911950822636052
0.6911950822636052
0.6911950822636052
0.6194178267944314
0.6029651057674923
0.6273729886096546
0.6414753209184596
0.6743807629723377
0.6765503525583078
0.6881214970168144
0.6772735490869644
0.7089133972156934
0.6841439161092027
0.6895678900741277
0.6904718857349484
0.7204845416742
0.7024046284577834
0.6789007412764418
0.6852287109021876
0.7089133972156934
0.6958958596998734
0.6848671126378594
0.6848671126378594
0.685590309166516
0.6861327065630085
0.7083709998192008
0.6783583438799494
0.7036702223829325
0.7036702223829325
0.7036702223829325
0.6975230518893509
0.6958958596998734
0.6958958596998734
0.7065630084975593
0.7092749954800217
0.6740191647080094
0.7099981920086783
0.7029470258542759
0.708551798951365
0.7092749954800217
0.6740191647080094
0.7112637859338276
0.6826975230518894
0.7103597902730067
0.6787199421442777
0.7094557946121859
0.7137949737841258
0.7087325980835292
0.7134333755197975
0.679081540408606
0.6789007412764418
0.6852287109021876
0.7137949737841258
0.710721388537335
0.7349484722473332
0.7349484722473332
0.7580907611643464
0.7257277165069608
0.7197613451455434
0.7065630084975593
0.7132525763876333
0.7137949737841258
0.7081902006870368
0.7143373711806184
0.7123485807268125
0.7056590128367384
0.7007774362683059
0.717230157295245
0.7186765503525583
0.7190381486168866
0.71397577291629
0.719399746881215
0.7134333755197975
0.7076478032905442
0.7060206111010667
0.7062014102332309
0.7123485807268125
0.7071054058940517
0.7058398119689026
0.7063822093653951
0.7081902006870368
0.7099981920086783
0.7060206111010667
0.7094557946121859
0.7154221659736033
0.7190381486168866
0.7154221659736033
0.71614536250226
0.7099981920086783
0.7083709998192008
0.7092749954800217
0.7089133972156934
0.7056590128367384
0.7145181703127825
0.7112637859338276
0.7018622310612909
0.7056590128367384
0.6991502440788284
0.7490508045561382
0.6948110649068885
0.6971614536250226
0.7490508045561382
0.6971614536250226
0.681251129994576
0.681251129994576
0.696438257096366
0.6967998553606942
0.7112637859338276
0.696438257096366
0.6740191647080094
0.7071054058940517
0.7042126197794251
0.7490508045561382
0.7042126197794251
0.7042126197794251
0.6911950822636052
0.673657566443681
0.6555776532272645
0.7040318206472609
0.7063822093653951
0.7063822093653951
0.710721388537335
0.7065630084975593
0.6948110649068885
0.6816127282589044
0.7490508045561382
0.6816127282589044
0.6657024046284578
0.7490508045561382
0.7490508045561382
0.6756463568974869
0.6756463568974869
0.6756463568974869
0.6756463568974869
0.6857711082986802
0.7054782137045742
0.7490508045561382
0.7114445850659917
0.7101789911408425
0.6868559030916651
0.6868559030916651
0.6868559030916651
0.7101789911408425
0.6986078466823359
0.7101789911408425
0.7099981920086783
0.7060206111010667
0.687759898752486
0.687759898752486
0.675827156029651
0.6568432471524137
0.6957150605677093
0.6973422527571868
0.7535707828602423
0.7029470258542759
0.6895678900741277
0.7080094015548726
0.7094557946121859
0.7130717772554692
0.7090941963478575
0.7123485807268125
0.7103597902730067
0.71180618333032
0.7105405894051708
0.7121677815946483
0.7083709998192008
0.7051166154402458
0.7067438076297233
0.7092749954800217
0.7241005243174833
0.7188573494847225
0.7241005243174833
0.7535707828602423
0.712890978123305
0.6893870909419635
0.7143373711806184
0.7143373711806184
0.7535707828602423
0.7796058578918821
0.7806906526848671
0.7806906526848671
0.7615259446754655
0.7848490327246429
0.7796058578918821
0.7875610197071055
0.7875610197071055
0.7264509130356174
0.7065630084975593
0.6946302657747243
0.6875790996203218
0.686675103959501
0.71614536250226
0.71614536250226
0.7145181703127825
0.7136141746519616
0.7163261616344242
0.7121677815946483
0.7143373711806184
0.6854095100343518
0.6711263785933828
0.6409329235219671
0.6098354727897306
0.5807268125113
0.5566805279334659
0.7875610197071055
0.7264509130356174
0.7244621225818116
0.7224733321280058
0.7213885373350208
0.7103597902730067
0.7273549086964383
0.7286205026215874
0.7239197251853191
0.7204845416742
0.7208461399385283
0.7208461399385283
0.7286205026215874
0.7286205026215874
0.7286205026215874
0.7286205026215874
0.7286205026215874
0.7286205026215874
0.7286205026215874
0.7286205026215874
0.7286205026215874
0.7286205026215874
0.7286205026215874
0.7286205026215874
0.7286205026215874
0.7286205026215874
0.7286205026215874
0.7286205026215874
0.7286205026215874
0.7286205026215874
0.7286205026215874
0.7286205026215874
0.7286205026215874
0.7286205026215874
0.7286205026215874
0.7286205026215874
0.7286205026215874
0.7286205026215874
0.7094557946121859
0.7094557946121859
0.7286205026215874
0.7094557946121859
0.7094557946121859
0.7286205026215874
