0.7166877598987524
0.6848671126378594
0.6911950822636052
0.6848671126378594
0.6848671126378594
0.6848671126378594
0.6911950822636052
0.6911950822636052
0.6911950822636052
0.6911950822636052
0.6194178267944314
0.6029651057674923
0.6273729886096546
0.6414753209184596
0.6743807629723377
0.6765503525583078
0.6881214970168144
0.6772735490869644
0.7089133972156934
0.6841439161092027
0.6895678900741277
0.6904718857349484
0.7204845416742
0.7024046284577834
0.6789007412764418
0.6852287109021876
0.7089133972156934
0.6958958596998734
0.6848671126378594
0.6848671126378594
0.685590309166516
0.6861327065630085
0.7083709998192008
0.6783583438799494
0.7036702223829325
0.7036702223829325
0.7036702223829325
0.6975230518893509
0.6958958596998734
0.6958958596998734
0.7065630084975593
0.7092749954800217
0.6740191647080094
0.7099981920086783
0.7029470258542759
0.708551798951365
0.7092749954800217
0.6740191647080094
0.7112637859338276
0.6826975230518894
0.7103597902730067
0.6787199421442777
0.7094557946121859
0.7137949737841258
0.7087325980835292
0.7134333755197975
0.679081540408606
0.6789007412764418
0.6852287109021876
0.7137949737841258
0.710721388537335
0.7349484722473332
0.7349484722473332
0.7580907611643464
0.7257277165069608
0.7197613451455434
0.7065630084975593
0.7132525763876333
0.7137949737841258
0.7081902006870368
0.7143373711806184
0.7123485807268125
0.7056590128367384
0.7007774362683059
0.717230157295245
0.7186765503525583
0.7190381486168866
0.71397577291629
0.719399746881215
0.7134333755197975
0.7076478032905442
0.7060206111010667
0.7062014102332309
0.7123485807268125
0.7071054058940517
0.7058398119689026
0.7063822093653951
0.7081902006870368
0.7099981920086783
0.7060206111010667
0.7094557946121859
0.7154221659736033
0.7190381486168866
0.7154221659736033
0.71614536250226
0.7099981920086783
0.7083709998192008
0.7092749954800217
0.7089133972156934
0.7056590128367384
0.7145181703127825
0.7112637859338276
0.7018622310612909
0.7056590128367384
0.6991502440788284
