0.7321182017170147
0.6927772938414771
0.6996948023307178
0.6927772938414771
0.6927772938414771
0.6927772938414771
0.6996948023307178
0.6996948023307178
0.6996948023307178
0.6996948023307178
0.6439402719256153
0.6220517765137928
0.6422397046124066
0.6455759861274523
0.6917131470092364
0.689818126393766
0.6995465704493576
0.6861225168630195
0.7231877133750644
0.6950160544206295
0.7064025638389695
0.7011404255581271
0.7289271726903898
0.7111517483833668
0.6828045190440173
0.6912754877063392
0.7190954878478273
0.7041543673839099
0.6927772938414771
0.6927772938414771
0.693210688782535
0.6932898985957662
0.7141170520227347
0.6834506340758475
0.7105078668363778
0.7105078668363778
0.7105078668363778
0.7059346806151461
0.7039338429426623
0.7039338429426623
0.7114000187479881
0.714716568864584
0.6794565612038332
0.7154809779643414
0.7111189566174304
0.7140403897755313
0.714716568864584
0.6794565612038332
0.7183303422527336
0.6887650378601895
0.7163713526849774
0.6840080876364194
0.7156994967438257
0.7206694409611175
0.7164328203376775
0.7205423197555094
0.6852568588709027
0.68283951493828
0.6920597175347925
0.7206694409611175
0.7170357994105133
0.7421902760540272
0.7421902760540272
0.7651476405892369
0.7326626493130375
0.7173388223429439
0.7127648561830437
0.7190646893593233
0.7201445721264281
0.7138607048296135
0.7203874937795248
0.7193379116637574
0.7113732466910798
0.7081838326546981
0.7231476930821432
0.7245694711534532
0.7253627286478114
0.7204099887418639
0.725641620028113
0.7191169026795822
0.7129017521742699
0.7116076963472937
0.7127254264864535
0.7180588117731144
0.7146674951026747
0.7133901330901787
0.7137643110151488
0.715391049344019
0.7161981507686016
0.7115883712097275
0.7168286420069758
0.7223477249506697
0.7253691703603334
0.721232540115937
0.7218502287722242
0.7161629582012531
0.7143871950442573
0.7155814273538068
0.7153591194049056
0.7120647878887524
0.7211028359021755
0.7176563957517832
0.7076245409752135
0.7123051030520757
0.7034594030573627
