0.7321182017170147
0.6927772938414771
0.6996948023307178
0.6927772938414771
0.6927772938414771
0.6927772938414771
0.6996948023307178
0.6996948023307178
0.6996948023307178
0.6996948023307178
0.6439402719256153
0.6220517765137928
0.6422397046124066
0.6455759861274523
0.6917131470092364
0.689818126393766
0.6995465704493576
0.6861225168630195
0.7231877133750644
0.6950160544206295
0.7064025638389695
0.7011404255581271
0.7289271726903898
0.7111517483833668
0.6828045190440173
0.6912754877063392
0.7190954878478273
0.7041543673839099
0.6927772938414771
0.6927772938414771
0.693210688782535
0.6932898985957662
0.7141170520227347
0.6834506340758475
0.7105078668363778
0.7105078668363778
0.7105078668363778
0.7059346806151461
0.7039338429426623
0.7039338429426623
0.7114000187479881
0.714716568864584
0.6794565612038332
0.7154809779643414
0.7111189566174304
0.7140403897755313
0.714716568864584
0.6794565612038332
0.7183303422527336
0.6887650378601895
0.7163713526849774
0.6840080876364194
0.7156994967438257
0.7206694409611175
0.7164328203376775
0.7205423197555094
0.6852568588709027
0.68283951493828
0.6920597175347925
0.7206694409611175
0.7170357994105133
0.7421902760540272
0.7421902760540272
0.7651476405892369
0.7326626493130375
0.7173388223429439
0.7127648561830437
0.7190646893593233
0.7201445721264281
0.7138607048296135
0.7203874937795248
0.7193379116637574
0.7113732466910798
0.7081838326546981
0.7231476930821432
0.7245694711534532
0.7253627286478114
0.7204099887418639
0.725641620028113
0.7191169026795822
0.7129017521742699
0.7116076963472937
0.7127254264864535
0.7180588117731144
0.7146674951026747
0.7133901330901787
0.7137643110151488
0.715391049344019
0.7161981507686016
0.7115883712097275
0.7168286420069758
0.7223477249506697
0.7253691703603334
0.721232540115937
0.7218502287722242
0.7161629582012531
0.7143871950442573
0.7155814273538068
0.7153591194049056
0.7120647878887524
0.7211028359021755
0.7176563957517832
0.7076245409752135
0.7123051030520757
0.7034594030573627
0.7520760783041124
0.6981258798238156
0.7027003482686577
0.7520760783041124
0.7027003482686577
0.6885159260255488
0.6885159260255488
0.7030650609504304
0.7030693863599328
0.713139793689879
0.7030650609504304
0.6823738522534577
0.7136162302084964
0.7109131528389651
0.7520760783041124
0.7109131528389651
0.7109131528389651
0.6985794061614031
0.6828958524585836
0.665683770700862
0.7100179399503616
0.7129699024592633
0.7129699024592633
0.7178332567697769
0.7138076136382141
0.6967291253224543
0.6903229164593454
0.7520760783041124
0.6903229164593454
0.6763293414058686
0.7520760783041124
0.7520760783041124
0.6842556668155453
0.6842556668155453
0.6842556668155453
0.6842556668155453
0.6934995685314677
0.7109191603743783
0.7520760783041124
0.7169680266404844
0.7157987582779458
0.695119966300884
0.695119966300884
0.695119966300884
0.7157987582779458
0.706342373065366
0.7157987582779458
0.7157406182652309
0.7114866309920318
0.6945306789892806
0.6945306789892806
0.6850016902760074
0.6661537759337882
0.7011979650181986
0.6999356219495932
0.7650643658971927
0.715854423826186
0.7038164108991043
0.7226994742300511
0.7237475268594182
0.7274063990200254
0.7237422127268032
0.7265503256833996
0.7246820071061972
0.7258143405000383
0.7247520653024637
0.7254409677397471
0.722470779668364
0.7190555593574696
0.7211619334149788
0.7229093006604009
0.7361922048975778
0.731700670379335
0.7361922048975778
0.7650643658971927
0.7260963179480544
0.7042845317023776
0.7286054069605031
0.7286054069605031
0.7650643658971927
0.78765201838283
0.7868072337444236
0.7868072337444236
0.7714358538163802
0.7914251233590147
0.788452688916813
0.7953027883994017
0.7953027883994017
0.7391638043480674
0.7208489939703329
0.7085077800633182
0.7009241183287076
0.7000092547158
0.7263336003499222
0.7263336003499222
0.7244501937643953
0.7228857820009478
0.7264136462467556
0.7221174746708842
0.7258258107213704
0.7006851537985344
0.6879465842126189
0.660183108763162
0.6288920287329763
0.5967581555220001
0.57050986730108
0.7953027883994017
0.7391638043480674
0.7370714882587499
0.734927099967569
0.7313366675840676
0.7145172948502271
0.7392840828445686
0.7406085790895851
0.7353409803377319
0.7321505816620495
0.7321479503389633
0.7321479503389633
0.7406085790895851
0.7406085790895851
0.7406085790895851
0.7406085790895851
0.7406085790895851
0.7406085790895851
0.7406085790895851
0.7406085790895851
0.7406085790895851
0.7406085790895851
0.7406085790895851
0.7406085790895851
0.7406085790895851
0.7406085790895851
0.7406085790895851
0.7406085790895851
0.7406085790895851
0.7406085790895851
0.7406085790895851
0.7406085790895851
0.7406085790895851
0.7406085790895851
0.7406085790895851
0.7406085790895851
0.7406085790895851
0.7406085790895851
0.7218582206739548
0.7218582206739548
0.7406085790895851
0.7218582206739548
0.7218582206739548
0.7406085790895851
0.7406085790895851
0.7344558820459846
0.7406085790895851
0.7250198294393918
0.7391638043480674
0.7308189428644098
0.7308189428644098
0.7391638043480674
0.7190474732227627
0.7190474732227627
0.7326766708801087
0.7363243146466686
0.7365430215077888
0.7353410060809531
0.7953027883994017
0.7099897243478913
0.7244506748760108
0.580566046776677
0.5144298671216652
0.5144298671216652
0.506682593586658
0.5261700412382925
0.5199190205248714
0.5209670994629387
0.5276203853954877
0.5111197545022467
0.5176996351279866
0.5183632028204397
0.5187298773640165
0.5634741069357518
0.5187298773640165
0.5110282843192347
0.5084682690314954
0.507969752184661
0.5859417147454905
0.5042395159737779
0.48960569669494836
0.5222607315980611
0.5048339893836309
0.5207093892143422
0.5272947540255255
0.5272947540255255
0.5074516168515819
0.5272947540255255
0.5074516168515819
0.5230947809115588
0.5272947540255255
0.5272947540255255
0.5272947540255255
0.5685508100177349
0.524009621952244
0.5859417147454905
0.5272947540255255
0.5207093892143422
0.5300246831556295
0.524009621952244
0.5245623308039491
0.5252692399960608
0.5230368749978703
0.5224407318849735
0.5249722441960032
0.48841273087100245
0.3825192715076843
0.5859417147454905
0.5249722441960032
0.5249722441960032
0.5249722441960032
0.5249722441960032
0.5249722441960032
0.5249722441960032
0.5249722441960032
0.5249722441960032
0.5165733182493594
0.5243661390829203
0.5209098606089853
0.5222348148121648
0.5111096447535367
0.5133664456367492
0.5274765602131875
0.5196077019199433
0.5274765602131875
0.5129930981428779
0.5082071344910429
0.5209098606089853
0.5222348148121648
0.5196077019199433
0.5274765602131875
0.568351200738276
0.5274765602131875
0.5274765602131875
0.5042543896930431
0.509484538314083
0.4724584247474697
0.4935515560312698
